optimal_threshold= 0.495851993560791
accuracy= 0.8631578947368421
aucroc= 0.9125
specificity= 0.875
sensitivity= 0.8545454545454545
ppv= 0.9038461538461539
npv= 0.813953488372093
f1_score= 0.8785046728971962
