optimal_threshold= 0.3660654127597809
accuracy= 0.7210526315789474
aucroc= 0.7789772727272728
specificity= 0.6875
sensitivity= 0.7454545454545455
ppv= 0.7663551401869159
npv= 0.6626506024096386
f1_score= 0.7557603686635945
