optimal_threshold= 0.5061046630144119
accuracy= 0.8631578947368421
aucroc= 0.9409090909090909
specificity= 0.8875
sensitivity= 0.8454545454545455
ppv= 0.9117647058823529
npv= 0.8068181818181818
f1_score= 0.8773584905660377
